[Parcial_antigua.jpg]
filters=enhance=1;autolight=1;finetune2=1,0.532164,0.000000,0.011228,00000000,0.000000;unsharp2=1,0.600000;Sixties=1,40.350880,00ffffff,1;Sixties=1,20.000000,00ffffff,1;Border=1,20.000000,5.000000,0.000000,ffe8e8e8,00ffffff,0.000000;
moddate=34387bc9968ccf01
width=567
height=394
text=1;130;8;Alpuente;Georgia;0.342152,1.007614,0.037563,0.000000;v1,4292133690,4291244587,128.000000,1.000000,0.500000,1.000000,400,2,49152;;
textactive=1
